	Step		offset													
3.3	0.000805861		213								0-24		24-38		38+	
											m1	b1	m2	b2	m3	b3
											1.264367816	14.66666667	0.674157303	151.5955056	0.874458874	87.2987013
																
																
					index	voltage	w/ gain	w/ offset	adc val	Trial						
			-40	-1.527	0	-0.001527	-0.154227	0.017421352	21							
			-39	-1.49	1	-0.00149	-0.15049	0.021158352	26							
			-38	-1.453	2	-0.001453	-0.146753	0.024895352	30				C(Rounded	C	F	Count
			-37	-1.417	3	-0.001417	-0.143117	0.028531352	35				0	0.277777778	32.5	145
			-36	-1.38	4	-0.00138	-0.13938	0.032268352	40				38	38.33333333	101	321
			-35	-1.343	5	-0.001343	-0.135643	0.036005352	44				81	81.11111111	178	552
			-34	-1.305	6	-0.001305	-0.131805	0.039843352	49				24	23.61111111	74.5	232
			-33	-1.268	7	-0.001268	-0.128068	0.043580352	54							
			-32	-1.231	8	-0.001231	-0.124331	0.047317352	58							
			-31	-1.194	9	-0.001194	-0.120594	0.051054352	63							
			-30	-1.156	10	-0.001156	-0.116756	0.054892352	68							
			-29	-1.156	11	-0.001156	-0.116756	0.054892352	68							
			-28	-1.119	12	-0.001119	-0.113019	0.058629352	72							
			-27	-1.081	13	-0.001081	-0.109181	0.062467352	77							
			-26	-1.043	14	-0.001043	-0.105343	0.066305352	82							
			-25	-1.006	15	-0.001006	-0.101606	0.070042352	86							
			-24	-0.968	16	-0.000968	-0.097768	0.073880352	91							
			-23	-0.93	17	-0.00093	-0.09393	0.077718352	96							
			-22	-0.892	18	-0.000892	-0.090092	0.081556352	101							
			-21	-0.854	19	-0.000854	-0.086254	0.085394352	105							
			-20	-0.816	20	-0.000816	-0.082416	0.089232352	110							
			-19	-0.778	21	-0.000778	-0.078578	0.093070352	115							
			-18	-0.778	22	-0.000778	-0.078578	0.093070352	115							
			-17	-0.739	23	-0.000739	-0.074639	0.097009352	120							
			-16	-0.701	24	-0.000701	-0.070801	0.100847352	125							
			-15	-0.663	25	-0.000663	-0.066963	0.104685352	129							
			-14	-0.624	26	-0.000624	-0.063024	0.108624352	134							
			-13	-0.586	27	-0.000586	-0.059186	0.112462352	139							
			-12	-0.547	28	-0.000547	-0.055247	0.116401352	144							
			-11	-0.508	29	-0.000508	-0.051308	0.120340352	149							
			-10	-0.47	30	-0.00047	-0.04747	0.124178352	154							
			-9	-0.431	31	-0.000431	-0.043531	0.128117352	158							
			-8	-0.392	32	-0.000392	-0.039592	0.132056352	163							
			-7	-0.392	33	-0.000392	-0.039592	0.132056352	163							
			-6	-0.353	34	-0.000353	-0.035653	0.135995352	168							
			-5	-0.314	35	-0.000314	-0.031714	0.139934352	173							
			-4	-0.275	36	-0.000275	-0.027775	0.143873352	178							
			-3	-0.236	37	-0.000236	-0.023836	0.147812352	183							
			-2	-0.197	38	-0.000197	-0.019897	0.151751352	188							
			-1	-0.157	39	-0.000157	-0.015857	0.155791352	193							
			0	-0.118	40	-0.000118	-0.011918	0.159730352	198							
			1	-0.079	41	-0.000079	-0.007979	0.163669352	203							
			2	-0.039	42	-0.000039	-0.003939	0.167709352	208							
			3	0	43	0	0	0.171648352	213							
			5	0.039	45	0.000039	0.003939	0.175587352	217							
			6	0.079	46	0.000079	0.007979	0.179627352	222							
			7	0.119	47	0.000119	0.012019	0.183667352	227							
			8	0.158	48	0.000158	0.015958	0.187606352	232							
			9	0.198	49	0.000198	0.019998	0.191646352	237							
			10	0.238	50	0.000238	0.024038	0.195686352	242							
			11	0.277	51	0.000277	0.027977	0.199625352	247							
			12	0.317	52	0.000317	0.032017	0.203665352	252							
			13	0.357	53	0.000357	0.036057	0.207705352	257							
			14	0.397	54	0.000397	0.040097	0.211745352	262							
			15	0.397	55	0.000397	0.040097	0.211745352	262							
			16	0.437	56	0.000437	0.044137	0.215785352	267							
			17	0.477	57	0.000477	0.048177	0.219825352	272							
			18	0.517	58	0.000517	0.052217	0.223865352	277							
			19	0.557	59	0.000557	0.056257	0.227905352	282							
			20	0.597	60	0.000597	0.060297	0.231945352	287							
			21	0.637	61	0.000637	0.064337	0.235985352	292							
			22	0.677	62	0.000677	0.068377	0.240025352	297							
			23	0.718	63	0.000718	0.072518	0.244166352	302							
			24	0.758	64	0.000758	0.076558	0.248206352	308							
			25	0.798	65	0.000798	0.080598	0.252246352	313							
			26	0.798	66	0.000798	0.080598	0.252246352	313							
			27	0.838	67	0.000838	0.084638	0.256286352	318							
			28	0.879	68	0.000879	0.088779	0.260427352	323							
			29	0.919	69	0.000919	0.092819	0.264467352	328							
			30	0.96	70	0.00096	0.09696	0.268608352	333							
			31	1	71	0.001	0.101	0.272648352	338							
			32	1.041	72	0.001041	0.105141	0.276789352	343							
			33	1.081	73	0.001081	0.109181	0.280829352	348							
			34	1.122	74	0.001122	0.113322	0.284970352	353							
			35	1.163	75	0.001163	0.117463	0.289111352	358							
			36	1.203	76	0.001203	0.121503	0.293151352	363							
			37	1.203	77	0.001203	0.121503	0.293151352	363							
			38	1.244	78	0.001244	0.125644	0.297292352	368							
			39	1.285	79	0.001285	0.129785	0.301433352	374							
			40	1.326	80	0.001326	0.133926	0.305574352	379							
			41	1.366	81	0.001366	0.137966	0.309614352	384							
			42	1.407	82	0.001407	0.142107	0.313755352	389							
			43	1.448	83	0.001448	0.146248	0.317896352	394							
			44	1.489	84	0.001489	0.150389	0.322037352	399							
			45	1.53	85	0.00153	0.15453	0.326178352	404							
			46	1.571	86	0.001571	0.158671	0.330319352	409							
			47	1.612	87	0.001612	0.162812	0.334460352	415							
			48	1.612	88	0.001612	0.162812	0.334460352	415							
			49	1.653	89	0.001653	0.166953	0.338601352	420							
			50	1.694	90	0.001694	0.171094	0.342742352	425							
			51	1.735	91	0.001735	0.175235	0.346883352	430							
			52	1.776	92	0.001776	0.179376	0.351024352	435							
			53	1.817	93	0.001817	0.183517	0.355165352	440							
			54	1.858	94	0.001858	0.187658	0.359306352	445							
			55	1.899	95	0.001899	0.191799	0.363447352	451							
			56	1.941	96	0.001941	0.196041	0.367689352	456							
			57	1.982	97	0.001982	0.200182	0.371830352	461							
			58	2.023	98	0.002023	0.204323	0.375971352	466							
			59	2.023	99	0.002023	0.204323	0.375971352	466							
			60	2.064	100	0.002064	0.208464	0.380112352	471							
			61	2.106	101	0.002106	0.212706	0.384354352	476							
			62	2.147	102	0.002147	0.216847	0.388495352	482							
			63	2.188	103	0.002188	0.220988	0.392636352	487							
			64	2.23	104	0.00223	0.22523	0.396878352	492							
			65	2.271	105	0.002271	0.229371	0.401019352	497							
			66	2.312	106	0.002312	0.233512	0.405160352	502							
			67	2.354	107	0.002354	0.237754	0.409402352	508							
			68	2.395	108	0.002395	0.241895	0.413543352	513							
			69	2.436	109	0.002436	0.246036	0.417684352	518							
			70	2.436	110	0.002436	0.246036	0.417684352	518							
			71	2.478	111	0.002478	0.250278	0.421926352	523							
			72	2.519	112	0.002519	0.254419	0.426067352	528							
			73	2.561	113	0.002561	0.258661	0.430309352	533							
			74	2.602	114	0.002602	0.262802	0.434450352	539							
			75	2.644	115	0.002644	0.267044	0.438692352	544							
			76	2.685	116	0.002685	0.271185	0.442833352	549							
			77	2.727	117	0.002727	0.275427	0.447075352	554							
			78	2.768	118	0.002768	0.279568	0.451216352	559							
			79	2.81	119	0.00281	0.28381	0.455458352	565							
			80	2.851	120	0.002851	0.287951	0.459599352	570							
			81	2.851	121	0.002851	0.287951	0.459599352	570							
			82	2.893	122	0.002893	0.292193	0.463841352	575							
			83	2.934	123	0.002934	0.296334	0.467982352	580							
			84	2.976	124	0.002976	0.300576	0.472224352	585							
			85	3.017	125	0.003017	0.304717	0.476365352	591							
			86	3.059	126	0.003059	0.308959	0.480607352	596							
			87	3.1	127	0.0031	0.3131	0.484748352	601							
			88	3.142	128	0.003142	0.317342	0.488990352	606							
			89	3.184	129	0.003184	0.321584	0.493232352	612							
			90	3.225	130	0.003225	0.325725	0.497373352	617							
			91	3.267	131	0.003267	0.329967	0.501615352	622							
			92	3.267	132	0.003267	0.329967	0.501615352	622							
			93	3.308	133	0.003308	0.334108	0.505756352	627							
			94	3.35	134	0.00335	0.33835	0.509998352	632							
			95	3.391	135	0.003391	0.342491	0.514139352	638							
			96	3.433	136	0.003433	0.346733	0.518381352	643							
			97	3.474	137	0.003474	0.350874	0.522522352	648							
			98	3.516	138	0.003516	0.355116	0.526764352	653							
			99	3.557	139	0.003557	0.359257	0.530905352	658							
			100	3.599	140	0.003599	0.363499	0.535147352	664							
			101	3.64	141	0.00364	0.36764	0.539288352	669							
			102	3.682	142	0.003682	0.371882	0.543530352	674							
			103	3.682	143	0.003682	0.371882	0.543530352	674							
			104	3.723	144	0.003723	0.376023	0.547671352	679							
			105	3.765	145	0.003765	0.380265	0.551913352	684							
			106	3.806	146	0.003806	0.384406	0.556054352	690							
			107	3.848	147	0.003848	0.388648	0.560296352	695							
			108	3.889	148	0.003889	0.392789	0.564437352	700							
			109	3.931	149	0.003931	0.397031	0.568679352	705							
			110	3.972	150	0.003972	0.401172	0.572820352	710							
			111	4.013	151	0.004013	0.405313	0.576961352	715							
			112	4.055	152	0.004055	0.409555	0.581203352	721							
			113	4.096	153	0.004096	0.413696	0.585344352	726							
			114	4.096	154	0.004096	0.413696	0.585344352	726							
			115	4.138	155	0.004138	0.417938	0.589586352	731							
			116	4.179	156	0.004179	0.422079	0.593727352	736							
			117	4.22	157	0.00422	0.42622	0.597868352	741							
			118	4.262	158	0.004262	0.430462	0.602110352	747							
			119	4.303	159	0.004303	0.434603	0.606251352	752							
			120	4.344	160	0.004344	0.438744	0.610392352	757							
			121	4.385	161	0.004385	0.442885	0.614533352	762							
			122	4.427	162	0.004427	0.447127	0.618775352	767							
			123	4.468	163	0.004468	0.451268	0.622916352	772							
			124	4.509	164	0.004509	0.455409	0.627057352	778							
			125	4.509	165	0.004509	0.455409	0.627057352	778							
			126	4.55	166	0.00455	0.45955	0.631198352	783							
			127	4.591	167	0.004591	0.463691	0.635339352	788							
			128	4.633	168	0.004633	0.467933	0.639581352	793							
			129	4.674	169	0.004674	0.472074	0.643722352	798							
			130	4.715	170	0.004715	0.476215	0.647863352	803							
			131	4.756	171	0.004756	0.480356	0.652004352	809							
			132	4.797	172	0.004797	0.484497	0.656145352	814							
			133	4.838	173	0.004838	0.488638	0.660286352	819							
			134	4.879	174	0.004879	0.492779	0.664427352	824							
			135	4.92	175	0.00492	0.49692	0.668568352	829							
			136	4.92	176	0.00492	0.49692	0.668568352	829							
			137	4.961	177	0.004961	0.501061	0.672709352	834							
			138	5.002	178	0.005002	0.505202	0.676850352	839							
			139	5.043	179	0.005043	0.509343	0.680991352	845							
			140	5.084	180	0.005084	0.513484	0.685132352	850							
			141	5.124	181	0.005124	0.517524	0.689172352	855							
			142	5.165	182	0.005165	0.521665	0.693313352	860							
			143	5.206	183	0.005206	0.525806	0.697454352	865							
			144	5.247	184	0.005247	0.529947	0.701595352	870							
			145	5.288	185	0.005288	0.534088	0.705736352	875							
			146	5.328	186	0.005328	0.538128	0.709776352	880							
			147	5.328	187	0.005328	0.538128	0.709776352	880							
			148	5.369	188	0.005369	0.542269	0.713917352	885							
			149	5.41	189	0.00541	0.54641	0.718058352	891							
			150	5.45	190	0.00545	0.55045	0.722098352	896							
			151	5.491	191	0.005491	0.554591	0.726239352	901							
			152	5.532	192	0.005532	0.558732	0.730380352	906							
			153	5.572	193	0.005572	0.562772	0.734420352	911							
			154	5.613	194	0.005613	0.566913	0.738561352	916							
			155	5.653	195	0.005653	0.570953	0.742601352	921							
			156	5.694	196	0.005694	0.575094	0.746742352	926							
			157	5.735	197	0.005735	0.579235	0.750883352	931							
			158	5.735	198	0.005735	0.579235	0.750883352	931							
			159	5.775	199	0.005775	0.583275	0.754923352	936							
			160	5.815	200	0.005815	0.587315	0.758963352	941							
			161	5.856	201	0.005856	0.591456	0.763104352	946							
			162	5.896	202	0.005896	0.595496	0.767144352	951							
			163	5.937	203	0.005937	0.599637	0.771285352	957							
			164	5.977	204	0.005977	0.603677	0.775325352	962							
			165	6.017	205	0.006017	0.607717	0.779365352	967							
			166	6.058	206	0.006058	0.611858	0.783506352	972							
			167	6.098	207	0.006098	0.615898	0.787546352	977							
			168	6.138	208	0.006138	0.619938	0.791586352	982							
			169	6.138	209	0.006138	0.619938	0.791586352	982							
			170	6.179	210	0.006179	0.624079	0.795727352	987							
			171	6.219	211	0.006219	0.628119	0.799767352	992							
			172	6.259	212	0.006259	0.632159	0.803807352	997							
			173	6.299	213	0.006299	0.636199	0.807847352	1002							
			174	6.339	214	0.006339	0.640239	0.811887352	1007							
			175	6.38	215	0.00638	0.64438	0.816028352	1012							
			176	6.42	216	0.00642	0.64842	0.820068352	1017							
			177	6.46	217	0.00646	0.65246	0.824108352	1022							
			178	6.5	218	0.0065	0.6565	0.828148352	1027							
			179	6.54	219	0.00654	0.66054	0.832188352	1032							
			180	6.54	220	0.00654	0.66054	0.832188352	1032							
			181	6.58	221	0.00658	0.66458	0.836228352	1037							
			182	6.62	222	0.00662	0.66862	0.840268352	1042							
			183	6.66	223	0.00666	0.67266	0.844308352	1047							
			184	6.701	224	0.006701	0.676801	0.848449352	1052							
			185	6.741	225	0.006741	0.680841	0.852489352	1057							
			186	6.781	226	0.006781	0.684881	0.856529352	1062							
			187	6.821	227	0.006821	0.688921	0.860569352	1067							
			188	6.861	228	0.006861	0.692961	0.864609352	1072							
			189	6.901	229	0.006901	0.697001	0.868649352	1077							
			190	6.941	230	0.006941	0.701041	0.872689352	1082							
			191	6.941	231	0.006941	0.701041	0.872689352	1082							
			192	6.981	232	0.006981	0.705081	0.876729352	1087							
			193	7.021	233	0.007021	0.709121	0.880769352	1092							
			194	7.06	234	0.00706	0.71306	0.884708352	1097							
			195	7.1	235	0.0071	0.7171	0.888748352	1102							
			196	7.14	236	0.00714	0.72114	0.892788352	1107							
			197	7.18	237	0.00718	0.72518	0.896828352	1112							
			198	7.22	238	0.00722	0.72922	0.900868352	1117							
			199	7.26	239	0.00726	0.73326	0.904908352	1122							
			200	7.3	240	0.0073	0.7373	0.908948352	1127							
			201	7.34	241	0.00734	0.74134	0.912988352	1132							
			202	7.34	242	0.00734	0.74134	0.912988352	1132							
			203	7.38	243	0.00738	0.74538	0.917028352	1137							
			204	7.42	244	0.00742	0.74942	0.921068352	1142							
			205	7.46	245	0.00746	0.75346	0.925108352	1147							
			206	7.5	246	0.0075	0.7575	0.929148352	1152							
			207	7.54	247	0.00754	0.76154	0.933188352	1158							
			208	7.579	248	0.007579	0.765479	0.937127352	1162							
			209	7.619	249	0.007619	0.769519	0.941167352	1167							
			210	7.659	250	0.007659	0.773559	0.945207352	1172							
			211	7.699	251	0.007699	0.777599	0.949247352	1177							
			212	7.739	252	0.007739	0.781639	0.953287352	1182							
			213	7.739	253	0.007739	0.781639	0.953287352	1182							
			214	7.779	254	0.007779	0.785679	0.957327352	1187							
			215	7.819	255	0.007819	0.789719	0.961367352	1192							
			216	7.859	256	0.007859	0.793759	0.965407352	1197							
			217	7.899	257	0.007899	0.797799	0.969447352	1202							
			218	7.939	258	0.007939	0.801839	0.973487352	1208							
			219	7.979	259	0.007979	0.805879	0.977527352	1213							
			220	8.019	260	0.008019	0.809919	0.981567352	1218							
			221	8.059	261	0.008059	0.813959	0.985607352	1223							
			222	8.099	262	0.008099	0.817999	0.989647352	1228							
			223	8.138	263	0.008138	0.821938	0.993586352	1232							
			224	8.138	264	0.008138	0.821938	0.993586352	1232							
			225	8.178	265	0.008178	0.825978	0.997626352	1237							
			226	8.218	266	0.008218	0.830018	1.001666352	1242							
			227	8.258	267	0.008258	0.834058	1.005706352	1247							
			228	8.298	268	0.008298	0.838098	1.009746352	1253							
			229	8.338	269	0.008338	0.842138	1.013786352	1258							
			230	8.378	270	0.008378	0.846178	1.017826352	1263							
			231	8.418	271	0.008418	0.850218	1.021866352	1268							
			232	8.458	272	0.008458	0.854258	1.025906352	1273							
			233	8.499	273	0.008499	0.858399	1.030047352	1278							
			234	8.539	274	0.008539	0.862439	1.034087352	1283							
			235	8.539	275	0.008539	0.862439	1.034087352	1283							
			236	8.579	276	0.008579	0.866479	1.038127352	1288							
			237	8.619	277	0.008619	0.870519	1.042167352	1293							
			238	8.659	278	0.008659	0.874559	1.046207352	1298							
			239	8.699	279	0.008699	0.878599	1.050247352	1303							
			240	8.739	280	0.008739	0.882639	1.054287352	1308							
			241	8.779	281	0.008779	0.886679	1.058327352	1313							
			242	8.819	282	0.008819	0.890719	1.062367352	1318							
			243	8.86	283	0.00886	0.89486	1.066508352	1323							
			244	8.9	284	0.0089	0.8989	1.070548352	1328							
			245	8.94	285	0.00894	0.90294	1.074588352	1333							
			246	8.94	286	0.00894	0.90294	1.074588352	1333							
			247	8.98	287	0.00898	0.90698	1.078628352	1338							
			248	9.02	288	0.00902	0.91102	1.082668352	1343							
			249	9.061	289	0.009061	0.915161	1.086809352	1348							
			250	9.101	290	0.009101	0.919201	1.090849352	1353							
			251	9.141	291	0.009141	0.923241	1.094889352	1358							
			252	9.181	292	0.009181	0.927281	1.098929352	1363							
			253	9.222	293	0.009222	0.931422	1.103070352	1368							
			254	9.262	294	0.009262	0.935462	1.107110352	1373							
			255	9.302	295	0.009302	0.939502	1.111150352	1378							
			256	9.343	296	0.009343	0.943643	1.115291352	1383							
			257	9.343	297	0.009343	0.943643	1.115291352	1383							
			258	9.383	298	0.009383	0.947683	1.119331352	1388							
			259	9.423	299	0.009423	0.951723	1.123371352	1394							
			260	9.464	300	0.009464	0.955864	1.127512352	1399							
			261	9.504	301	0.009504	0.959904	1.131552352	1404							
			262	9.545	302	0.009545	0.964045	1.135693352	1409							
			263	9.585	303	0.009585	0.968085	1.139733352	1414							
			264	9.626	304	0.009626	0.972226	1.143874352	1419							
			265	9.666	305	0.009666	0.976266	1.147914352	1424							
			266	9.707	306	0.009707	0.980407	1.152055352	1429							
			267	9.747	307	0.009747	0.984447	1.156095352	1434							
			268	9.747	308	0.009747	0.984447	1.156095352	1434							
			269	9.788	309	0.009788	0.988588	1.160236352	1439							
			270	9.828	310	0.009828	0.992628	1.164276352	1444							
			271	9.869	311	0.009869	0.996769	1.168417352	1449							
			272	9.909	312	0.009909	1.000809	1.172457352	1454							
			273	9.95	313	0.00995	1.00495	1.176598352	1460							
			274	9.991	314	0.009991	1.009091	1.180739352	1465							
			275	10.031	315	0.010031	1.013131	1.184779352	1470							
			276	10.072	316	0.010072	1.017272	1.188920352	1475							
			277	10.113	317	0.010113	1.021413	1.193061352	1480							
			278	10.153	318	0.010153	1.025453	1.197101352	1485							
			279	10.153	319	0.010153	1.025453	1.197101352	1485							
			280	10.194	320	0.010194	1.029594	1.201242352	1490							
			281	10.235	321	0.010235	1.033735	1.205383352	1495							
			282	10.276	322	0.010276	1.037876	1.209524352	1500							
			283	10.316	323	0.010316	1.041916	1.213564352	1505							
			284	10.357	324	0.010357	1.046057	1.217705352	1511							
			285	10.398	325	0.010398	1.050198	1.221846352	1516							
			286	10.439	326	0.010439	1.054339	1.225987352	1521							
			287	10.48	327	0.01048	1.05848	1.230128352	1526							
			288	10.52	328	0.01052	1.06252	1.234168352	1531							
			289	10.561	329	0.010561	1.066661	1.238309352	1536							
			290	10.561	330	0.010561	1.066661	1.238309352	1536							
			291	10.602	331	0.010602	1.070802	1.242450352	1541							
			292	10.643	332	0.010643	1.074943	1.246591352	1546							
			293	10.684	333	0.010684	1.079084	1.250732352	1552							
			294	10.725	334	0.010725	1.083225	1.254873352	1557							
			295	10.766	335	0.010766	1.087366	1.259014352	1562							
			296	10.807	336	0.010807	1.091507	1.263155352	1567							
			297	10.848	337	0.010848	1.095648	1.267296352	1572							
			298	10.889	338	0.010889	1.099789	1.271437352	1577							
			299	10.93	339	0.01093	1.10393	1.275578352	1582							
			300	10.971	340	0.010971	1.108071	1.279719352	1588							
			301	10.971	341	0.010971	1.108071	1.279719352	1588							
			302	11.012	342	0.011012	1.112212	1.283860352	1593							
			303	11.053	343	0.011053	1.116353	1.288001352	1598							
			304	11.094	344	0.011094	1.120494	1.292142352	1603							
			305	11.135	345	0.011135	1.124635	1.296283352	1608							
			306	11.176	346	0.011176	1.128776	1.300424352	1613							
			307	11.217	347	0.011217	1.132917	1.304565352	1618							
			308	11.259	348	0.011259	1.137159	1.308807352	1624							
			309	11.3	349	0.0113	1.1413	1.312948352	1629							
			310	11.341	350	0.011341	1.145441	1.317089352	1634							
			311	11.382	351	0.011382	1.149582	1.321230352	1639							
			312	11.382	352	0.011382	1.149582	1.321230352	1639							
			313	11.423	353	0.011423	1.153723	1.325371352	1644							
			314	11.465	354	0.011465	1.157965	1.329613352	1649							
			315	11.506	355	0.011506	1.162106	1.333754352	1655							
			316	11.547	356	0.011547	1.166247	1.337895352	1660							
			317	11.588	357	0.011588	1.170388	1.342036352	1665							
			318	11.63	358	0.01163	1.17463	1.346278352	1670							
			319	11.671	359	0.011671	1.178771	1.350419352	1675							
			320	11.712	360	0.011712	1.182912	1.354560352	1680							
			321	11.753	361	0.011753	1.187053	1.358701352	1686							
			322	11.795	362	0.011795	1.191295	1.362943352	1691							
			323	11.795	363	0.011795	1.191295	1.362943352	1691							
			324	11.836	364	0.011836	1.195436	1.367084352	1696							
			325	11.877	365	0.011877	1.199577	1.371225352	1701							
			326	11.919	366	0.011919	1.203819	1.375467352	1706							
			327	11.96	367	0.01196	1.20796	1.379608352	1711							
			328	12.001	368	0.012001	1.212101	1.383749352	1717							
			329	12.043	369	0.012043	1.216343	1.387991352	1722							
			330	12.084	370	0.012084	1.220484	1.392132352	1727							
			331	12.126	371	0.012126	1.224726	1.396374352	1732							
			332	12.167	372	0.012167	1.228867	1.400515352	1737							
			333	12.209	373	0.012209	1.233109	1.404757352	1743							
			334	12.209	374	0.012209	1.233109	1.404757352	1743							
			335	12.25	375	0.01225	1.23725	1.408898352	1748							
			336	12.291	376	0.012291	1.241391	1.413039352	1753							
			337	12.333	377	0.012333	1.245633	1.417281352	1758							
			338	12.374	378	0.012374	1.249774	1.421422352	1763							
			339	12.416	379	0.012416	1.254016	1.425664352	1769							
			340	12.457	380	0.012457	1.258157	1.429805352	1774							
			341	12.499	381	0.012499	1.262399	1.434047352	1779							
			342	12.54	382	0.01254	1.26654	1.438188352	1784							
			343	12.582	383	0.012582	1.270782	1.442430352	1789							
			344	12.624	384	0.012624	1.275024	1.446672352	1795							
			345	12.624	385	0.012624	1.275024	1.446672352	1795							
			346	12.665	386	0.012665	1.279165	1.450813352	1800							
			347	12.707	387	0.012707	1.283407	1.455055352	1805							
			348	12.748	388	0.012748	1.287548	1.459196352	1810							
			349	12.79	389	0.01279	1.29179	1.463438352	1815							
			350	12.831	390	0.012831	1.295931	1.467579352	1821							
			351	12.873	391	0.012873	1.300173	1.471821352	1826							
			352	12.915	392	0.012915	1.304415	1.476063352	1831							
			353	12.956	393	0.012956	1.308556	1.480204352	1836							
			354	12.998	394	0.012998	1.312798	1.484446352	1842							
			355	13.04	395	0.01304	1.31704	1.488688352	1847							
			356	13.04	396	0.01304	1.31704	1.488688352	1847							
			357	13.081	397	0.013081	1.321181	1.492829352	1852							
			358	13.123	398	0.013123	1.325423	1.497071352	1857							
			359	13.165	399	0.013165	1.329665	1.501313352	1862							
			360	13.206	400	0.013206	1.333806	1.505454352	1868							
			361	13.248	401	0.013248	1.338048	1.509696352	1873							
			362	13.29	402	0.01329	1.34229	1.513938352	1878							
			363	13.331	403	0.013331	1.346431	1.518079352	1883							
			364	13.373	404	0.013373	1.350673	1.522321352	1889							
			365	13.415	405	0.013415	1.354915	1.526563352	1894							
			366	13.457	406	0.013457	1.359157	1.530805352	1899							
			367	13.457	407	0.013457	1.359157	1.530805352	1899							
			368	13.498	408	0.013498	1.363298	1.534946352	1904							
			369	13.54	409	0.01354	1.36754	1.539188352	1909							
			370	13.582	410	0.013582	1.371782	1.543430352	1915							
			371	13.624	411	0.013624	1.376024	1.547672352	1920							
			372	13.665	412	0.013665	1.380165	1.551813352	1925							
			373	13.707	413	0.013707	1.384407	1.556055352	1930							
			374	13.749	414	0.013749	1.388649	1.560297352	1936							
			375	13.791	415	0.013791	1.392891	1.564539352	1941							
			376	13.833	416	0.013833	1.397133	1.568781352	1946							
			377	13.874	417	0.013874	1.401274	1.572922352	1951							
			378	13.874	418	0.013874	1.401274	1.572922352	1951							
			379	13.916	419	0.013916	1.405516	1.577164352	1957							
			380	13.958	420	0.013958	1.409758	1.581406352	1962							
			381	14	421	0.014	1.414	1.585648352	1967							
			382	14.042	422	0.014042	1.418242	1.589890352	1972							
			383	14.084	423	0.014084	1.422484	1.594132352	1978							
			384	14.126	424	0.014126	1.426726	1.598374352	1983							
			385	14.167	425	0.014167	1.430867	1.602515352	1988							
			386	14.209	426	0.014209	1.435109	1.606757352	1993							
			387	14.251	427	0.014251	1.439351	1.610999352	1999							
			388	14.293	428	0.014293	1.443593	1.615241352	2004							
